1701742849527

1701742854532

1701742859538

1701742864551

1701742869564

1701742874574

1701742882763
1701742887775
1701742892787
1701742897794
1701742902808
1701742907815
1701742912820
1701742917830
1701742922842
1701742927843
1701743738501
1701743743511
1701743748522
1701743753525
1701743758525
1701743763541
1701744073122
1701744078136
1701744083142
1701744225225
1701744230237
1701744248422
1701744253426
1701744258054
1701744263060
1701744268077
1701744273084
1701744278098
1701744284488
1701744289500
1701744294511
1701744299518
1701744304534
1701744307925
1701744312929
1701744317944
1701744322956
1701744327960
1701744332971
1701744337986
1701744342998
1701744348003
1701744353019
1701744358023
1701744363039
1701744368041
1701744373044
1701744378054
1701744383068
1701744569635
1701744574648
1701744579650
1701744584653
1701744589665
1701744594671
1701744599684
1701744604692
1701744609698
1701744614707
1701744619710
1701744624727
1701744629734
1701744634749
1701744639758
1701744644766
1701744649773
1701744654785
1701744659796
1701744664797
1701744669803
1701744674814
1701744679825
1701744684826
1701744689838
1701744694851
1701744699866
1701744704871
1701744709876
1701744714881
1701744719890
1701744724892
1701744729901
1701744734906
1701744739921
1701744744932
1701744749943
1701744754959
1701744759974
1701744764981
1701744769984
1701744774996
1701744780010
1701744785017
1701744790026
1701744795042
1701744800045
1701744805060
1701744810073
1701744815076
1701744820078
1701744825088
1701744830102
1701744835117
1701744840119
1701744845134
1701744850149
1701744855165
1701744860174
1701744865182
1701744870186
1701744875192
1701744880199
1701744885213
1701744890220
1701744910587
1701744915589
1701744920595
1701744925610
1701744930619
1701744935624
1701744940634
1701744945643
1701744950657
1701744955670
1701744960673
1701744965679
1701744970687
1701744975691
1701744980701
1701744985712
1701744990723
1701744995729
1701745000734
1701745005736
1701745008594
1701745013601
1701745018608
1701745023617
1701745028625
1701745033637
1701745038649
1701745043654
1701745046654
1701745051669
1701745056684
1701745061690
1701745066693
1701745071696
1701745076706
1701745081710
1701745086726
1701745091735
1701745096741
1701745101745
1701745106757
1701745111769
1701745116777
1701745121781
1701745126791
1701745131793
1701745136808
1701745141812
1701745146823
1701745151835
1701745156847
1701745161855
1701745166865
1701745171876
1701745176891
1701745181893
1701745186904
1701745191907
1701745196909
1701745201910
1701745206915
1701745211930
1701745216937
1701745221948
1701745226954
1701745231957
1701745236968
1701745241982
1701745246990
1701745251999
1701745257003
1701745262005
1701745267016
1701745272019
1701745277030
1701745282038
1701745287049
1701745292058
1701745297066
1701745302072
1701745307080
1701745312091
1701745317094
1701745322106
1701745327110
1701745332118
1701745337121
1701745342131
1701745347133
1701745352138
1701745357142
1701745362153
1701745367156
1701745372164
1701745377168
1701745382182
1701745387187
1701745392189
1701745397195
1701745402198
1701745407204
1701745412209
1701745417221
1701745422224
1701745427237
1701745432246
1701745437255
1701745442261
1701745447270
1701745452282
1701745457289
1701745462302
1701745467310
1701745472318
1701745477329
1701745482331
1701745487346
1701745492360
1701745610205
1701745615217
1701745620219
1701745625227
1701745631260
1701745636262
1701745641274
1701745646291
1701745651306
1701745656308
1701745661319
1701745666321
1701745671323
1701745676334
1701745681348
1701745686358
1701745691370
1701745696378
1701745701388
1701745706397
1701745712218
1701745717231
1701745722246
1701745727247
1701745732259
1701745737265
1701745742268
1701745747270
1701745752277
1701745757280
1701745762295
1701745767302
1701745772312
1701745777314
1701745782315
1701745787329
1701745792343
1701745797354
1701745802362
1701745807364
1701745812372
1701745817376
1701745822380
1701745827389
1701745832395
1701745837401
1701745842416
1701745847419
1701745852431
1701745857434
1701745862437
1701745867440
1701745872444
1701745877448
1701745882464
1701745887476
1701745892478
1701745897481
1701745902484
1701745907495
1701745912508
1701745917513
1701745922526
1701745927533
1701745932544
1701745937545
1701745942548
1701745947562
1701745952575
1701745957589
1701745962591
1701745967606
1701745972610
1701745975253
1701745980257
1701745985267
1701745990270
1701746049328
1701746054341
1701746059356
1701746095725
1701746100735
1701746105750
1701746110756
1701746115760
1701746120771
1701746125786
1701746131564
1701746136576
1701746142702
1701746155144
1701746160151
1701746165161
1701746170165
1701746175168
1701746180174
1701746183525
1701746188538
1701746192769
1701746236986
1701746241997
1701746246998
1701746252010
1701746257015
1701746262029
1701746267038
1701746272041
1701746277049
1701746282054
1701746287055
1701746293726
1701746298730
1701746303738
1701746308748
1701746313764
1701746318774
1701746323788
1701746328791
1701746333798
1701746338809
1701746343812
1701746348816
1701746353821
1701746358830
1701746363841
1701746368844
1701746373855
1701746378856
1701746383864
1701746388871
1701746393882
1701746398882
1701746403890
1701746408891
1701746413903
1701746418907
1701746423915
1701746428929
1701746434130
1701746439140
1701746444148
1701746449158
1701746454167
1701746459179
1701746464185
1701746469191
1701746474207
1701746479211
1701746484216
1701746489232
1701746494236
1701746499242
1701746504255
1701746509263
1701746514270
1701746519274
1701746524286
1701746528621
1701746533622
1701746538634
1701746543639
1701746547592
1701746552606
1701746557613
1701746562624
1701746567625
1701746572627
1701746577640
1701746582645
1701746587657
1701746592666
1701746597681
1701746602695
1701746607708
1701746612712
1701746618182
1701746623185
1701746628199
1701746633208
1701746638213
1701746643214
1701746648227
1701746653243
1701746658246
1701746663248
1701746668262
1701746673268
1701746678275
1701746683283
1701746688290
1701746693300
1701746698314
1701746703319
1701746708334
1701746713342
1701746718352
1701746723233
1701746728237
1701746733242
1701746738246
1701746743258
1701746748271
1701746753283
1701746758285
1701746763297
1701746768308
1701746773322
1701746778891
1701746783904
1701746789910
1701746794915
1701746799919
1701746804935
1701746809948
1701746814957
1701746819974
1701746824976
1701746829065
1701746834074
1701747110751
1701747115765
1701747120781
1701747125786
1701747130801
1701747135806
1701747140808
1701747145822
1701747150825
1701747155835
1701747160841
1701747165848
1701747170859
1701747177911
1701747182921
1701747187937
1701747192945
1701747197947
1701747202950
1701747207959
1701747212966
1701747217971
1701747222988
1701747229160
1701747234169
1701747239171
1701747244173
1701747249187
1701747254194
1701747259200
1701747264212
1701747269221
1701747274228
1701747276243
1701747281246
1701747286262
1701747291266
1701747296272
1701747301279
1701747305322
1701747310337
1701747315346
1701747320362
1701747325371
1701747328918
1701747333924
1701747338926
1701747343931
1701747348932
1701747353937
1701747358939
1701747363950
1701747368963
1701747373971
1701747378977
1701747383981
1701747388993
1701747393994
1701747399008
1701747404020
1701747409026
1701747414029
1701747419039
1701747424048
1701747429060
1701747434074
1701747436468
1701747441472
1701747446477
1701747451483
1701747456495
1701747461508
1701747466514
1701747471524
1701747478139
1701747483145
1701747488155
1701747493160
1701747498176
1701747503183
1701747508195
1701747513206
1701747518215
1701747523226
1701747528233
1701747533242
1701747538256
1701747543270
1701747548283
1701747553290
1701747558293
1701747563308
1701747568311
1701747573317
1701747578328
1701747584153
1701747589161
1701747594166
1701747599169
1701747604176
1701747609182
1701747614197
1701747619199
1701747624208
1701747629215
1701747635262
1701747640267
1701747645279
1701747650285
1701747655293
1701747660304
1701747665307
1701747670315
1701747675321
1701747677281
1701747682296
1701747687300
1701747692302
1701747697317
1701747702318
1701747704409
1701747709424
1701747714426
1701747719441
1701747724444
1701747729445
1701747734450
1701747739456
1701747744465
1701747749468
1701747754469
1701747759471
1701747764481
1701747769487
1701747774496
1701747779505
1701747784508
1701747789517
1701747794527
1701747799538
1701747805781
1701747810794
1701747815804
1701747840177
1701747845192
1701747850200
1701747855206
1701747860212
1701747864806
1701747869819
1701747874827
1701747878706
1701747883715
1701747888719
1701747893727
1701747898735
1701747903741
1701747908748
1701747932859
1701747937867
1701747942874
1701747947879
1701747952887
1701747956365
1701747961370
1701747966381
1701747971391
1701748021286
1701748026287
1701748031291
1701748036294
1701748041307
1701748047426
1701748052441
1701748057448
1701748094572
1701748099574
1701748104579
1701748109587
1701748114602
1701748119611
1701748548499
1701748649384
1701748679387
1701748709401
1701748731533
1701748741544
1701748751548
1701748831185
1701748841201
1701748851215
1701748861222
1701748871225
1701748881226
1701748891230
1701748901232
1701748911240
1701748921253
1701748931261
1701748941277
1701748951290
1701748961291
1701748971299
1701749082149
1701749092162
1701749102176
1701749166746
1701749176762
1701749186768
1701749196770
1701749206777
1701749216781
1701749224267
1701749451867
1701749461878
1701749471894
1701749477018
1701749487025
1701749497030
1701749529194
1701749539207
1701749549213
1701749559219
1701749569222
1701749579228
1701749589234
1701749599245
1701749609254
1701749619268
1701749629272
1701749639273
1701749649287
1701749657757
1701749667760
1701749677765
1701749687776
1701749697781
1701749707787
1701749711481
1701749721497
1701749731501
1701749741885
1701749751896
1701749761905
1701749771912
1701749781919
1701749791933
1701749801946
1701749811954
1701749821966
1701749831981
1701749841989
1701749851997
1701749862002
1701749872016
1701749882027
1701749892029
1701749902034
1701749912038
1701749922045
1701749932053
1701749942059
1701749952074
1701749962075
1701749972078
1701749982082
1701749992091
1701750002100
1701750012113
1701750022124
1701750032131
1701750042141
1701750052149
1701750062161
1701750072175
1701750082189
1701750092192
1701750102193
1701750112200
1701750122205
1701750132217
1701750142225
1701750147412
1701750157414
1701750167420
1701750177422
1701750187423
1701750197429
1701750204573
1701750214585
1701750224593
1701750232643
1701750242649
1701750254325
1701750264335
1701750274342
1701750284350
1701750294358
1701750304369
1701750314371
1701750318035
1701750328046
1701750338061
1701750348062
1701750358064
1701750368067
1701750378077
1701750383941
1701750393952
1701750403964
1701750413968
1701750423969
1701750433977
1701750443980
1701750453994
1701750460522
1701750470531
1701750480541
1701750490556
1701750500563
1701750510576
1701750520582
1701750530595
1701750540608
1701750550617
1701750554135
1701750564138
1701750574146
1701750584153
1701750594155
1701750604156
1701750614171
1701750627996
1701750638007
1701750648016
1701750658030
1701750668038
1701750678048
1701750688061
1701750698074
1701750708087
1701750718102
1701750728111
1701750738113
1701750748119
1701750758123
1701750768137
1701750778139
1701750788144
1701750798145
1701750808158
1701750818159
1701750828168
1701750838170
1701750848175
1701750858183
1701750868197
1701750878201
1701750888213
1701750898218
1701750908232
1701750963739
1701750973742
1701750983752
1701750993755
1701751003758
1701751013769
1701751023776
1701751033780
1701751043786
1701751049571
1701751059574
1701751069580
1701751079583
1701751089585
1701751099596
1701751109611
1701751119616
1701751128060
1701751138066
1701751148068
1701751158076
1701751168088
1701751178102
1701751188109
1701751198115
1701751201162
1701751211167
1701751221176
1701751231179
1701751241193
1701751251194
1701751261208
1701751271214
1701751281218
1701751291222
1701751301237
1701751311248
1701751321256
1701751324597
1701751334601
1701751344614
1701751354618
1701751364620
1701751374627
1701751384643
1701751394655
1701751404664
1701751414676
1701751423514
1701751433523
1701751443534
1701751453541
1701751463547
1701751473555
1701751483560
1701751493574
1701751503584
1701751513599
1701751523605
1701751533620
1701751543636
1701751553638
1701751577418
1701751587430
1701751597441
1701751607446
1701751617455
1701751627470
1701751637480
1701751647486
1701751657497
1701751667502
1701751677515
1701751687526
1701751697534
1701751699806
1701751709816
1701751719825
1701751729830
1701751739832
1701751743350
1701751753363
1701751763374
1701751773377
1701751783380
1701751793392
1701751803400
1701751813411
1701751823414
1701751833424
1701751843438
1701751853448
1701751863451
1701751873578
1701751883582
1701751893584
1701751903592
1701751913603
1701751923613
1701751933628
1701751943629
1701751953637
1701751963641
1701751973653
1701751985245
1701751995255
1701752005267
1701752015280
1701752025292
1701752035297
1701752045304
